338038
404236
349880
305430
133155
306021
325872
204967
394291
171071
305668
352149
402025
401719
306056
394293
349863
402022
133403
170343
349558
402770
133275
170783
305438
316987
401940
357545
401507
325600
133323
349587
325701
204931
349988
325501
133523
340983
402172
204771
133249
403066
133243
133479
404271
315128
351006
287712
340923
133465
325500
393945
133325
348981
170863
349898
403244
406333
348827
325596
170335
133037
412198
171287
349209
412306
170727
351455
132835
392906
403481
170327
393950
204843
315182
204813
325480
352560
325685
340929
403601
170487
338378
170599
348924
393954
352050
352542
132871
170767
133051
352636
353096
412456
325436
306010
412187
351012
311734
341155
412243
171023
204861
349495
316366
204867
402866
349969
170847
314891
306047
352199
311478
132740
333120
402818
402588
315186
337933
325712
350995
315137
306017
404168
170815
350309
325466
133019
403918
350725
133109
403561
402405
403443
170775
325549
306071
306051
314943
170871
448787
133027
349853
133021
170855
132991
349378
133291
204839
325643
349135
204947
204895
314946
171127
170031
325715
325509
401750
325639
350553
204795
306077
204909
133513
403086
133023
311336
394288
204893
348728
306050
170639
133501
306078
325646
349155
325589
133483
325726
316995
316991
170535
325713
170543
402187
311855
340930
132839
325612
133415
132885
349656
325455
412265
316999
394310
204915
306023
325489
204921
402419
370477
412402
133315
170607
325880
169940
169975
402088
412437
349403
352469
133175
305672
402026
204891
205015
170879
204757
316992
337443
325876
133471
133153
412346
325583
311490
325877
338444
133321
384403
394303
170159
349032
316997
325632
349607
314814
352654
132979
337803
349582
132728
315122
338313
392949
133309
204987
424991
325511
394287
369715
133475
448885
325443
133165
204783
316292
341390
133335
355773
325588
412358
369731
338389
306099
348619
169983
325702
348498
133301
337864
325693
133567
350602
394292
402885
204919
306042
325552
325518
133507
352517
306025
350691
325705
132873
349935
351987
412290
394304
132843
204993
394278
348874
337731
351793
341022
352674
133505
403831
402529
325704
306064
132849
355422
338298
325492
204979
315161
401199
306103
325706
402312
325874
171183
305700
402635
133553
438347
350026
306036
340868
340948
438321
351123
305432
325647
311856
314858
204875
204773
349553
412270
337794
133395
325503
170319
325594
325662
133269
402193
204789
369539
394395
133559
311324
403356
133417
355442
352458
132877
170223
325739
204989
357582
170735
352178
401589
170935
169924
337418
145
317002
171103
424995
337362
170215
349502
352356
403758
305284
325491
402634
305696
315050
170247
349638
201
424999
204809
325881
170015
352143
412299
170503
394396
314934
315184
412286
133025
133467
337517
325585
314910
348743
314894
170111
338459
305674
316375
325691
170087
311369
412386
351905
325610
204863
412330
204859
306048
412360
325616
348985
350802
350967
204933
319357
352757
133537
306018
340957
305664
305690
171039
338097
352880
325625
314817
338161
338361
384407
325666
337613
325675
352100
403951
132887
352732
132736
204781
325485
401497
349125
315168
393948
133157
170975
349168
357547
401845
204767
319430
412355
171263
170423
325541
350762
351479
325650
133219
305444
306019
315173
341047
170591
132851
352339
325586
337710
402061
393955
402912
325724
306073
311347
325483
325731
316993
305440
352154
325584
169927
350754
204827
133043
406650
351605
170655
169959
314995
170311
119
133253
316988
325581
205025
132949
392878
325885
205009
325879
205007
352705
132883
204955
403378
340874
402500
353496
171207
349944
305666
132989
306044
403311
348555
132987
170911
314926
204939
352667
132735
369735
351649
305448
325873
171247
133547
351782
412227
132953
133287
133405
351875
353216
133053
204797
349800
306097
350111
325878
133563
133509
205019
316989
412440
306008
349151
325688
325708
170567
204937
348538
306034
402796
403712
402834
170791
325664
325674
348383
133229
133047
316994
353213
325624
353562
353571
355772
314805
425004
392697
401462
352006
204905
403413
170399
353071
325645
133221
392687
305692
351221
350757
306024
353423
325871
406319
412244
351028
325725
357521
412250
348884
348496
404108
204753
311690
341530
170647
170295
315136
338375
369832
132895
402458
133285
305244
404116
133409
438282
170999
402120
132951
350604
314818
133383
448754
170799
133049
412363
204871
404189
133485
403501
392933
337788
169932
171215
132865
341119
305428
204873
325440
170575
132957
315185
325559
132945
132881
170439
170839
404301
348464
352868
338433
169928
170191
306096
338336
325463
412336
325476
349449
325451
448936
204973
133263
204851
306020
338092
311684
351366
306037
170135
353181
325514
132879
170407
401621
204965
401617
133239
325467
305686
132967
204899
352947
169936
402730
348404
349427
340900
170583
369857
352918
133065
204769
350244
133525
170887
337840
133015
353335
357546
204805
325697
325728
412415
325686
412387
133529
325601
402746
325558
306066
170719
205017
355448
352268
204835
306065
204849
133035
132730
349687
133009
325649
204897
169931
133399
351795
349418
204817
350143
132999
204791
325516
325593
325507
171223
314963
306072
325599
133235
338176
314993
412477
402637
133379
133059
352932
394305
325636
306053
412474
325700
412212
306046
394286
204995
132903
306033
316349
348580
349328
170919
341525
305436
169929
351300
132841
325882
404114
132744
132891
204949
348941
369828
348977
171159
425025
325620
337348
448944
287717
306011
132750
133041
325477
350595
340875
403817
325478
337799
425017
351854
41
349076
170239
351203
348451
393949
402935
402218
311915
204963
348533
204869
412389
404333
325505
325678
393943
424965
133091
349573
171015
170711
348750
333147
351869
352573
412328
325513
325595
402985
349257
351117
402373
133555
352595
325502
348535
133225
352205
306060
133261
349082
401684
412471
370467
204793
132977
412424
412298
325471
169916
325648
171271
412300
169934
133393
204825
338242
337761
311379
171239
412364
133107
325547
133533
314970
132845
325742
403799
133521
325867
169930
133179
424970
403151
325473
133039
338453
133549
352510
170967
204845
205005
133561
204865
204879
306094
401676
412413
412479
341742
306014
171119
325718
204831
305694
402150
133223
132825
204815
412405
352300
170623
305426
325737
306040
325602
325676
355397
403943
403314
170943
355776
325510
133489
315134
306012
132939
394285
349219
93
315019
355775
169941
351912
204971
132837
394439
325677
412269
204925
325722
325638
349816
133167
204983
204833
314869
204751
311963
325654
401951
401674
349635
314899
402934
204877
412276
325738
325651
394283
448774
349003
351301
349390
350683
325660
348731
171175
133487
170351
325695
306101
348559
337676
348669
325667
351152
170303
333015
204981
204901
170559
325603
325622
67
204941
133319
170671
349202
170519
351143
340901
325884
170151
133283
325615
340848
402791
412307
205003
170055
204985
305446
204997
350034
350300
316998
204959
353338
338386
314930
132859
350502
170463
133307
325604
133169
306035
315049
412365
204951
325517
351421
170047
133311
352652
353234
325875
349961
401806
132893
170375
132823
351874
305434
170615
132973
311493
338206
351691
314984
325670
337800
133029
314884
170391
133511
352320
325689
325637
394309
133099
438270
325545
314936
325732
171063
325605
306029
306027
305680
204961
406337
404279
170927
352424
369809
351331
412201
170175
352746
169921
325640
403658
348739
316329
305662
169937
325707
170367
325587
305286
403404
340989
325590
133255
133389
401661
170631
133469
338434
306098
383610
369838
353204
133491
205001
353457
204749
315057
204853
355423
170127
412203
403870
341338
448761
325556
348732
325546
424910
133177
402921
349857
402196
337702
349476
132993
325628
338373
325672
352685
204935
306031
204829
351483
401033
412331
325597
338078
170271
204787
169999
170959
351041
393942
325630
404078
403168
317000
306057
325606
404280
204837
341682
305676
325729
355404
338203
350907
401080
325682
311824
412371
325460
133481
133173
306104
133385
170007
132831
412375
401388
325727
333125
132889
133057
341053
325629
170231
349416
349681
169951
133519
402270
357575
325868
393952
171111
170207
350472
325699
352158
171079
305682
325580
325486
170951
325542
170703
305660
352110
133411
401853
133101
306052
403938
351287
133497
412337
132829
402049
306081
306102
133303
133333
350418
404174
204929
394282
132937
325642
340849
394294
204785
350134
169991
204945
171047
412468
412190
355396
392661
132955
171087
316985
132853
325609
132971
351454
325736
306085
315188
171143
170807
171279
171135
349326
350128
133305
325631
204807
341716
306086
403019
133003
133017
352905
402870
394281
171007
406282
412258
306045
133527
132965
204999
133299
204927
402970
306063
349203
401978
353106
325447
204885
133247
403295
133113
325557
325508
403789
353498
401406
204759
350573
306087
438352
132997
400933
133095
353268
338061
350091
352057
306007
169933
351975
170095
171167
306030
325499
412223
133289
341015
348905
392896
348630
133401
348367
325452
325497
311959
349926
337828
315157
412255
350264
133063
353031
353525
412237
325656
133231
333099
394311
351599
170255
170743
325512
170063
314968
357522
325445
412356
170415
133327
338138
133503
132861
341505
132961
369685
204765
314912
311768
369741
325475
133277
133313
350655
393953
132943
306080
348781
383600
133163
351613
133541
133279
305684
352408
169923
204917
325703
403469
401546
170551
315187
325740
352807
402077
340596
412453
133227
349796
352770
341487
325735
424903
403580
337768
325723
306068
338449
353495
132941
325544
412353
306082
325554
316914
341021
133293
325710
325657
170119
333020
306061
132959
316784
132738
325449
132983
314935
170831
169943
325653
316380
171231
306028
369795
401936
348685
353249
403796
351748
306015
401031
314976
306062
325437
325870
325515
412348
351822
325592
350053
412192
133013
169938
404147
133045
412343
204777
133493
132901
132821
306088
353258
402889
349793
350763
338150
132855
170071
325470
314879
351192
133565
133391
338296
133069
350174
369853
204881
341683
305246
340463
306076
325493
170751
403907
325490
325495
448861
171031
351459
350765
402304
337334
325461
412469
338319
325652
392923
306026
349332
355378
133237
406316
325582
325734
325679
132732
393946
338155
351230
133093
316328
325626
412338
171095
337337
170359
349563
204953
325659
305450
393944
306100
306016
412339
133103
338143
403932
412448
352912
204889
325464
338256
325619
325504
403916
171199
401005
133551
349480
350060
133397
341506
401792
403840
204855
306043
348452
401818
349950
306070
316986
133381
348495
425021
394284
424974
315180
170143
133171
337787
133407
325591
306074
404283
338344
133233
325623
349606
412289
325669
403064
350937
170695
133531
350083
350935
325869
401584
306079
351914
204957
132748
412410
352358
133071
404278
171
205011
306055
353144
287947
352794
306041
351151
337549
412345
132857
401325
412266
317003
412241
402888
349789
401768
204923
394296
325717
352638
170495
341364
352884
314859
133515
401543
306067
132897
170167
170103
325611
205021
401144
402515
401874
393958
170983
133061
340963
325719
355449
403057
337484
348990
412444
287706
204907
349258
348786
349890
325614
133557
325683
352481
352434
287704
306083
306054
170471
350190
133011
170287
306058
305442
403294
337842
132947
412380
325288
325680
306032
306049
351125
306022
384399
357533
403722
169918
305290
133119
306009
355430
337516
133251
325613
204775
132995
325488
369529
133159
316323
341110
133031
348616
204747
402787
170687
197
325459
306039
349599
133517
349568
412284
133329
349352
316354
393956
325635
204913
305288
348469
351632
132985
412295
325663
340894
306106
325444
133267
170079
170679
350600
349250
351046
170759
401510
325714
316915
204911
325607
123
325741
340842
333152
132863
349320
133001
306069
401739
325671
351446
169922
325661
349527
353292
404315
133331
315174
325721
170447
325519
325472
341156
348688
355390
133105
306084
306038
325716
169926
133499
404006
170527
325468
401942
349137
325621
393947
438377
306105
402813
351067
170431
448929
204857
132867
325687
403915
169935
171151
325479
171191
170039
170511
341416
401590
403776
337607
133473
401803
204819
369675
350378
349056
325454
169917
305678
204943
369867
132833
393959
325655
311501
351000
369705
316996
355416
169967
133161
401840
170383
315159
412441
325633
448767
325543
351628
133265
169915
338052
311763
132742
350989
325441
133067
132899
403746
349895
338286
170663
338429
349066
325598
325690
204975
325698
338158
350643
392975
353487
316990
325496
325553
204755
305702
325555
424945
404130
348449
133241
351038
350446
392959
412249
353290
412199
325446
325720
350147
325709
306013
133117
325474
171055
402814
170895
403623
133295
353589
325458
132975
132827
133181
412461
133535
351329
337373
325627
348763
204969
133183
353492
392111
338394
401870
170991
352895
369803
333094
337899
204811
133259
352878
325608
133055
132746
306059
325506
348578
412224
325644
348392
401622
132847
305698
403199
325462
311359
325494
338342
132969
204823
305688
132981
325448
169919
325684
132963
325484
412443
133111
412296
369497
133317
133281
204763
393951
355774
133007
394314
204761
170183
71
352052
204821
394290
132734
132875
133477
311851
412218
401559
133271
403779
348982
352512
353547
351336
133089
353483
403854
204847
325550
325456
204887
325681
348897
401785
353506
325692
353315
353152
325498
133273
149
406645
133005
325711
352984
369824
325694
133297
325668
170479
369861
325487
132869
352040
352632
170823
403166
133495
402987
171255
315177
412450
203740
204977
325733
205023
352326
325673
133387
169925
170279
337402
317004
170199
412426
204883
325634
204841
412195
170263
325665
133033
306075
204801
204799
311542
204991
369799
133539
325658
348466
325617
351388
325641
204903
402285
325438
338414
412372
401992
325618
319377
349338
348644
412233
406670
337945
401432
170023
170903
350135
325465
325730
412361
348532
170455
404254
412264
305670
45
402098
204779
314969
306095
350008
133413
317001
341149
325439
325551
205013
204803
325469
133097
349918
337490
352615
133543
325442
392121
133257
133545
133115
412434
393957
349670