111299
39031
320821
119109
118833
286149
117677
630168
110605
321455
109483
323975
111655
321167
285941
508253
113991
639743
1026
113961
112665
560728
322539
5915
114715
117697
109865
118625
114569
110293
116231
504259
320771
99606
116323
111073
108093
109953
322219
26585
503365
109689
111457
5663
108307
114601
109943
286437
114875
115715
549305
107925
116665
119343
107527
5809
517456
514177
114923
108775
519478
508770
108013
119365
113117
111327
321127
322565
285928
112427
526243
109385
526604
110623
110139
118407
541264
112657
107521
118441
322245
112547
116513
117195
507284
114219
5627
118235
110635
321679
107609
119941
39303
117725
110897
325907
39833
283617
39845
119253
320979
108695
116255
118143
113115
116051
115601
639485
117209
119679
114419
5729
109425
508112
108633
108939
110381
285985
107907
526219
322145
562897
111913
118099
324015
322607
119077
113571
508209
562748
109895
321913
508827
111579
111879
324001
110759
548502
117999
321147
322455
108143
114431
115397
324013
116511
39519
108507
119901
110175
116939
111317
114041
508811
508788
111405
109481
118173
520195
115779
283635
112709
109779
113485
109875
321559
113811
117897
509312
117815
110871
116569
115093
321607
117585
322291
319431
117049
109507
322575
5669
320393
509319
642455
109409
115365
514048
109401
118941
119569
111097
109119
115911
109585
118209
107627
114797
114581
115403
110457
322353
109793
503125
111963
116619
39145
39681
505439
118307
320553
112015
39475
108861
114119
115777
321023
324039
5845
110533
283585
111791
107643
109245
508281
518117
113987
108547
322421
119231
119571
283749
111197
116087
39609
283765
283597
117147
5667
508750
286247
39531
112537
322115
286161
320207
119605
108631
117733
508748
110601
108653
321305
555719
324021
321827
111155
508260
109539
108927
111549
111103
320383
286263
320883
113831
5751
116987
39457
118325
108479
114761
115987
114309
116587
107545
283445
117277
111111
39285
115131
110015
520787
110571
107487
283735
530392
115975
107541
108645
320951
117133
283789
283797
115309
5885
115991
323877
111105
507983
514184
111381
99621
107935
508216
320847
115077
110593
319399
117001
5759
510069
118043
109289
522120
116757
116505
116825
111947
113889
520212
113799
116143
110395
322631
113433
321215
118913
109383
116655
320659
117293
115205
118829
115851
117235
112617
322449
286355
109315
111919
286101
116139
109469
115887
113919
322571
556340
119187
116679
114187
508866
512360
117427
107405
517756
518902
321103
118513
5731
560770
283795
111037
113081
320975
115999
109001
111323
508799
111885
107469
116771
109335
5741
283777
111031
119325
516406
321793
113469
321611
111805
110669
111649
107975
116259
113663
99596
111301
109165
5971
119587
322509
324147
108027
39113
508755
114607
500966
320723
115997
116775
119555
99582
320353
119195
116969
108297
114047
108469
112199
39669
114317
115653
115959
285975
107777
108975
320693
118423
5847
40021
519544
109277
283613
110791
114555
110277
116009
39985
119327
115287
111329
116325
115539
115391
5909
39717
114269
108925
508798
107419
118545
110085
115763
642596
321969
107973
115151
119719
320192
110877
283471
109143
112663
505163
508802
321549
109273
117715
114681
116541
508754
115411
109199
113845
109913
286331
323911
119769
117185
116327
110231
320489
320903
320187
115427
324627
112375
118925
39405
321283
117123
117607
520789
113427
112317
286223
512347
119931
114697
99603
119709
321473
118479
39075
283449
119269
320687
117587
109755
321035
109709
116161
114739
113453
39179
115551
116223
116249
115343
109445
117321
108193
110077
114245
109049
117699
119047
319397
112355
5849
110957
485958
111645
111387
322083
111893
108455
114241
283503
109573
119691
109399
320343
286087
320631
5637
39817
111093
117331
516272
321121
115341
320977
286297
39997
119335
110645
5825
114485
508779
118283
641931
108613
324181
112713
110923
107599
119687
319445
108267
112151
637820
114549
325781
112127
321407
110197
508775
286017
323849
114139
39207
321749
114589
285967
117763
115691
40029
114025
117547
110557
117319
508220
116019
639742
108191
116137
321971
39391
107577
315951
107773
108087
109171
116173
39279
117981
109983
548804
119545
321115
118435
116833
112371
113563
516253
108209
119597
110483
115855
108799
109427
509499
507226
39233
116453
109225
118183
118693
283633
114609
112661
508851
110105
320679
107569
109789
321189
116351
117689
118877
508743
40011
109035
323977
118977
116817
114787
112571
113519
322473
118315
321345
117349
109081
112445
320817
517451
118507
39183
115671
286003
112549
508582
111545
39489
322037
540991
111133
39027
504569
108459
39055
639947
508797
111565
119533
110893
118917
108457
322595
108135
324047
116649
323967
39305
118663
107767
111401
108673
322481
286275
322143
39185
113133
115115
108999
118499
109713
108259
324171
324087
110099
119287
112589
5853
108867
642163
113139
107949
118711
500956
116739
117829
286283
321761
113771
118037
119065
108531
39389
117217
115637
108203
107793
115123
628262
110429
114357
5659
108615
119863
286373
109595
322373
109801
110681
111413
39499
116555
321339
108331
109893
501400
111573
508205
108025
107749
116445
115409
107701
513916
109393
107847
119391
624076
322067
320211
321565
108119
118867
559599
114129
110733
108115
509569
322543
119649
109123
112209
118587
39867
39849
112425
118065
113767
115491
525052
116299
109173
109767
116495
1011
321287
114473
322221
112573
39277
111225
112749
114919
116361
110685
108817
509916
108783
322081
110865
108769
109879
39107
548820
113371
111479
519668
322017
286305
118699
110857
39961
118335
108889
116479
115113
117573
39163
119639
321081
323879
116455
509624
111007
108741
111819
507907
115585
321847
651057
39291
323859
114033
501724
5877
110201
324169
118807
39673
110375
321683
112745
319407
110523
321251
115867
283807
110143
115953
118291
107761
322023
283701
113407
117363
524076
111521
116385
118713
548489
113149
111291
282856
119811
113479
321731
116549
119055
286293
522113
513107
321263
321341
116289
113737
117157
111803
112233
117889
114653
109531
323875
507890
513356
109979
321195
113475
107657
505384
109685
321671
118357
117177
39965
321387
282854
108827
110213
109407
115957
111871
117843
283767
321371
114529
119409
113823
108009
114881
119707
108415
116797
119745
113875
642527
322135
114403
118211
114103
508213
5811
320179
108485
112129
320913
113411
118539
112675
39345
116237
39259
118019
116123
119165
39825
501042
108865
118783
39189
113083
118021
115769
511358
115125
501210
320833
114759
516384
541046
112603
108463
118767
522126
111221
110699
322029
321799
99587
118985
286357
110401
109363
286329
111675
321979
322519
519800
283665
115609
114385
107951
119631
321567
113681
320999
515768
108731
116887
109077
322281
509083
99584
118955
116835
321937
519832
117529
321689
119599
116917
118983
107431
630174
519546
110087
114637
118267
118245
113665
112229
112787
117531
118611
119477
510497
321511
109499
114351
113939
112335
320441
117831
113729
111271
283559
118313
110953
5793
118271
108453
321267
502069
113377
115435
112211
117351
111153
114789
119299
322163
320807
109415
119147
111839
523366
112047
109523
39513
522139
5817
115587
115171
39683
113929
110807
116463
111613
116779
39873
117857
109155
320359
39719
5625
322367
642666
321775
285999
117089
111075
321489
110617
552516
517579
5773
108481
322437
322533
514431
117111
322387
118779
116373
111931
114487
113705
324067
117367
117893
319395
39815
508789
108235
323953
109405
107809
112351
113585
116651
109917
107901
321333
323999
109193
113545
117225
509826
320957
505475
112587
112093
320433
39217
109475
110827
111255
285922
119635
325917
109037
114369
108211
110567
108701
117841
109719
117673
5869
321649
507280
116947
116119
116203
320745
322001
110025
112067
325769
109099
111099
118963
108173
111005
512893
39343
110937
286215
112369
110411
39467
107781
108949
108163
119493
116959
114387
115931
110603
119463
118919
112075
110169
39453
322273
111975
110275
113429
286203
118889
119873
283821
508739
107427
109375
283455
118227
112353
110821
115541
112177
502311
109905
509315
320705
110029
315939
283649
283755
5755
561166
283627
114859
508221
107591
110529
114345
115259
119085
110521
505245
117439
113847
114091
26599
39327
39823
118025
111337
559411
117267
325815
108483
114113
117755
107451
111933
111823
118831
116561
522146
322351
117383
286267
39789
321159
119427
39953
508200
115185
115951
114927
118647
320191
321635
117433
321859
117141
322181
39313
118427
509310
107791
113793
108367
119529
325841
110847
114143
5745
39909
108239
117375
117631
114173
107943
40017
110187
321163
107985
283473
113501
114925
119423
517184
111003
118635
113425
116713
108585
118229
654704
119625
283653
320561
507208
5883
40053
113759
548509
112407
119189
108807
115065
111029
315935
109579
286141
321693
508778
107547
116405
112143
108059
115549
110067
116461
39755
39245
656246
113887
109189
116591
321927
321771
323905
285924
109179
109017
116321
116409
107611
115979
108249
320713
118863
39011
321253
39339
115649
109183
108451
39041
110333
321735
118013
107785
119839
320647
113389
319379
108275
114413
321479
115473
108461
119239
112221
118039
114655
621764
114791
26588
119927
116719
39883
321745
320917
515922
117053
114215
116085
107441
118953
320681
39101
109831
118759
117837
508219
320967
508396
39545
118001
113387
118083
118137
109387
512887
116827
109057
112525
111171
505150
642619
637823
117181
99600
117867
117667
117469
109571
113627
39577
113853
320805
320413
322187
286377
322217
115035
118151
320795
108201
39571
286041
39309
119149
116859
119705
109721
117703
107685
116559
321949
117445
110349
108907
39329
116015
110285
114179
114169
320927
107759
514742
113855
508238
117625
118121
320197
115367
283557
286151
322335
118725
116579
113595
525094
110651
110111
322301
117135
5665
119561
116539
319369
107641
39749
118797
114201
111461
508842
112641
107823
119177
321883
116109
110473
117517
109151
283737
117173
322159
517197
115685
322541
116639
109655
108473
114781
322003
320889
508822
324101
324081
320453
320691
118203
511410
321349
5875
5939
108157
119217
111499
116765
624923
118965
119595
113415
118443
114947
113129
119895
109167
115305
114605
39375
115937
113837
114451
110471
555899
286463
323987
642406
111811
116625
321469
114895
109157
510075
514479
530431
321699
114523
283523
283451
322475
508890
109969
107563
508744
39121
283527
642297
118563
108739
112679
112723
111637
628739
112041
112055
108839
324629
628487
111663
283555
115913
322045
108055
116227
39889
319425
508206
117533
39553
319417
118761
111955
519819
324129
109615
321055
500005
114177
110689
119755
118055
322099
323901
39213
324103
321655
320377
116311
108265
110963
110061
283463
322303
115597
321773
109089
283803
323983
116773
116433
112033
116067
112377
114795
111627
114567
107607
39361
642365
114751
117023
119777
110793
321173
325943
112433
111651
114307
39253
110945
108383
39493
110193
108125
119753
509303
283619
321755
110977
322399
39099
40007
110703
111709
115665
119283
107859
118279
39959
116079
502017
525724
321171
109309
117817
562942
119835
119015
109255
517574
108387
513719
111531
118275
117371
115295
516335
113895
115373
116993
119565
109543
320533
110783
114423
112287
114517
115803
39439
116751
114147
111289
111313
320801
109439
322551
115363
118685
321309
117327
526893
116949
320925
113977
320585
112227
321027
114679
109505
321105
322123
323891
117679
117807
115509
108539
119139
111657
39751
110649
117373
113903
115519
118743
320373
112051
111813
112585
107403
107653
115965
324057
118531
118199
321617
518956
285949
525368
116183
500998
118551
283687
322201
521827
500820
116167
117283
119107
107509
628362
117311
111799
118355
117581
109737
116053
118939
115971
110309
115663
5961
108107
111485
5647
39517
116979
322077
108435
39023
113391
321983
520690
319375
109829
115701
113119
286055
110421
112101
321021
111009
113143
320429
107677
99572
322583
39413
508262
39689
39445
111695
510489
325933
508215
116937
116395
325945
119641
110493
111905
39827
118467
114691
119799
510333
116211
109039
286417
112767
501979
39249
109949
286301
114289
114273
108073
108505
118697
114199
116367
116013
114547
114757
5757
509987
114561
109519
320785
109747
321367
517744
110039
321521
117497
321431
286413
113467
108955
114727
322591
322467
113869
525736
110321
320995
115801
119435
642593
286367
111217
114575
628765
321233
114699
115313
119743
119825
5705
119347
118729
39049
113151
286325
110129
630087
39641
115075
112583
109323
325775
113513
508825
514463
112607
40041
113551
322233
285979
113817
322175
116543
115797
39425
111227
118679
111061
39621
112557
108819
286027
109549
508819
114855
110149
321869
108941
119297
109489
635955
111889
107851
283483
520180
510061
508321
111973
117155
321101
517489
112645
111593
119355
116955
119815
530890
320875
114409
117487
507588
108437
110891
116459
642316
108641
109139
108375
112261
563901
39691
286137
324647
321653
113449
39989
115497
320549
107449
642291
5829
111433
110205
322261
108407
503246
642314
110089
112685
114891
110497
117079
520918
115843
119007
650212
39993
116371
110425
115325
108347
116737
286347
501190
39097
117653
320169
111977
118133
117827
114709
119551
321613
513342
321191
5797
119281
114213
285927
107705
321837
107815
112681
114571
108341
118289
26581
509311
112701
39801
117895
628237
322103
320425
113461
509577
111537
116933
118457
116889
286459
321629
117413
115881
110365
508272
39193
322177
541258
116901
117601
5633
321297
115221
109227
99568
116595
107485
321405
114595
508815
321199
325823
113539
115159
112633
115535
321861
115379
116187
320405
110431
320819
117175
111555
114535
501704
119643
324139
119215
108147
508816
110911
107439
117787
99608
111119
323957
109687
110081
118735
113385
119903
111159
321999
115599
110541
111609
286399
508211
110899
110393
530439
107717
5785
321553
283809
321009
115467
115885
283759
321247
322525
114283
115483
110101
110317
621856
108299
116853
112783
508243
320811
113885
110629
325773
110749
114869
116611
315947
107457
109503
39769
114771
321597
112627
117361
109975
39141
118447
116521
113621
119059
116957
117741
119049
325829
39423
322537
283825
118253
39949
113583
108067
516296
112293
118675
325855
111279
116049
108677
111681
320997
286241
321047
116039
108869
286391
108721
113969
110353
119531
39593
115293
118321
116131
522152
508263
39157
117249
109889
322265
110417
110505
110307
109637
110667
110993
119293
508769
39067
115273
109587
113959
108535
283453
119537
114657
500011
114207
110453
322415
119279
286155
114501
114835
112321
109681
324035
119079
325825
119399
322411
321071
513444
118257
320511
321935
640016
108231
111121
117043
115041
115943
111917
118285
109197
525029
109267
109259
109843
5697
5965
108007
112065
117723
321805
118139
40023
26591
119935
111107
321097
116105
99609
629457
118015
509924
108033
322075
116997
5953
119203
112013
508279
115573
286411
99601
115875
113669
113375
39047
116869
111077
117231
501543
117423
5733
321921
107839
322439
108935
324191
110165
321495
118429
115399
113137
111355
118643
508231
117915
118865
114935
108683
108291
110647
5617
39387
109869
114885
108151
108823
108177
107801
115079
109379
111959
114087
108627
320583
115337
116745
39757
110271
113617
112103
117191
117913
119747
113439
117169
107411
116417
111625
320363
118553
114233
116497
519364
107505
111469
118305
111473
118719
321621
320529
114469
39809
112137
110033
39409
119155
108655
108607
111723
110905
286115
286123
110599
107745
640516
119919
112035
118527
112319
114259
112539
115067
119655
117465
325789
108707
111285
115267
111429
112423
508823
321723
109947
109929
117615
112117
119329
321601
324161
320357
116029
108471
118753
321551
116659
118129
110855
115675
320711
109153
108159
513918
283447
110125
320593
117139
320196
320991
116585
117901
107589
109939
109607
108859
320685
116191
119345
111903
116613
118623
117459
320815
325783
286105
39611
621894
107691
115415
111967
39161
114063
110469
108943
114899
114545
114903
119681
39933
5947
112521
321593
118827
503314
109691
110713
112063
512404
320823
325839
117087
108643
39421
115749
320633
39629
322269
286221
283553
320859
116795
117077
118555
118437
322601
115383
114897
322133
115889
113581
320721
111541
5837
321135
113567
321303
524063
116485
561225
107961
117823
109365
118999
523404
116219
117737
115219
286071
324085
113775
107779
286407
525044
283713
108657
322051
508257
115061
119115
118495
113655
111079
115155
517435
325863
114677
111423
485960
117145
642479
119859
115523
107603
109863
325935
285926
5977
119103
1028
115947
323993
282857
321293
286339
109191
119833
320463
111997
117925
39103
113725
111991
115621
114507
111611
117097
115201
111333
119373
118163
108183
116441
115457
511370
114381
500478
117091
40049
541059
110975
119465
321639
117003
116297
512333
321619
283515
107765
642327
107979
109735
115479
39167
108737
321285
639754
107539
324633
119627
116229
656245
114617
286001
115063
322203
114799
118403
285987
118899
109005
107981
322173
117909
507513
118535
39315
502058
321045
108181
117441
116075
39733
322521
320775
39705
508394
286081
116197
109855
113379
118785
107853
118029
114153
110575
322527
108537
321235
111085
118843
508887
110443
110663
109771
641904
114415
39957
115375
117629
115553
114285
320617
116789
111371
508784
118691
111941
109203
325915
118621
110441
322097
108565
517585
324125
559605
323947
513450
113647
562241
115863
500999
117633
561733
321525
118017
509326
516515
110445
113431
642597
39235
324029
321475
112545
118377
108243
115687
108409
320897
39523
108061
119865
119657
115503
642454
526213
119219
39863
286107
508230
508806
119661
118159
109067
112157
115865
113403
117565
117229
516783
117527
117511
321119
526004
114971
110159
107813
647146
111801
508808
39239
283711
320189
113553
118331
118161
116145
118485
324027
502109
114027
509313
110781
110289
39895
112399
509604
119837
320981
114019
323973
110065
110007
321711
108045
109577
39117
322361
111979
117579
112541
117853
112411
118907
111023
109175
321941
119885
637770
114689
117389
117731
283725
321895
118103
111923
321175
118379
117749
119197
118317
116991
322237
523373
112561
508753
39123
118057
110389
109269
119819
107679
113589
508804
108991
321281
114435
118849
116565
111399
109521
323887
509081
108035
39565
322393
504972
111237
110415
107581
113699
117213
108621
108339
114543
114573
116819
319449
109675
116113
112799
113723
109177
115183
111873
110407
639859
109899
1009
108841
119891
113867
517157
119341
111841
642526
320459
108583
109699
283667
118067
320827
118561
321485
39333
114361
118471
514551
321437
286225
119791
321865
114821
118935
39653
108121
113809
110969
283569
283781
39469
115129
39841
283793
108359
112169
508826
40051
109115
116457
507892
321733
321467
119855
115453
114587
286103
118095
113927
109797
39059
116451
320749
109235
108097
107493
320491
286207
110745
321523
320341
112019
115785
282858
320829
322383
108803
112731
109373
320597
115317
286143
115489
119201
119623
119273
324165
321331
321377
107463
116277
116597
319439
117695
115741
117571
320803
283497
111357
117799
324011
39947
111297
112009
108971
286037
114871
5891
111033
110303
508835
509610
115423
110919
111109
117485
321669
118489
108533
110531
107741
1013
118937
107513
512375
116503
110925
116777
112687
118231
39897
119441
108431
320709
107465
39865
523398
286193
321781
112027
322039
109553
116347
322391
113087
114717
109299
656081
628771
116241
118491
119363
39411
111575
110997
112683
321107
117153
319437
115995
119617
112743
283709
119023
321585
111451
117623
119593
320867
283603
285947
656611
119421
39079
108205
119923
110671
639101
283693
108667
118893
119473
320695
117407
107983
107993
501061
118071
109601
118597
109833
113497
118905
111807
119143
321415
114249
117035
283631
325865
108187
559405
107467
115335
112441
112349
322499
508248
320965
116899
324135
116017
119501
319435
109043
322609
109597
111349
39779
112135
1001
113997
285939
322317
111591
5781
114287
112705
119351
115895
110377
320527
110811
111053
110153
283499
520206
321977
111583
111043
321197
118923
40005
320181
109593
114099
325817
322227
322191
119433
117101
118009
114055
119505
508768
322247
115407
111091
118193
508274
39775
109287
321687
39911
517572
118069
114631
548263
118543
109957
112391
113743
115109
109221
114839
118649
117045
508786
324133
321085
115699
116669
642615
115961
109625
321181
283513
116257
108401
118273
507278
5861
107695
286249
321465
320171
108881
119457
118027
113441
322493
118053
118947
116055
321967
642525
111735
108227
112529
508829
516404
116971
116863
109007
513371
112163
115207
118837
111223
110615
109997
118361
111269
109725
114779
524041
111511
109453
320190
508282
651052
118815
115485
114155
110761
117675
115633
39587
509330
119749
116687
501039
113661
109449
111157
322407
517576
286455
116963
39341
320619
115985
5973
111767
113691
116127
109527
320335
110257
116147
108967
114465
117011
285953
119557
325821
504554
321227
116945
114917
117917
110337
283529
114809
286065
107733
514724
114687
112595
322587
525014
286285
109459
283779
113949
117877
110075
109455
117263
113111
283485
116981
119369
286163
110255
118419
508765
286389
118569
39663
501694
110355
322277
323893
119277
115345
39497
110777
108321
119763
642599
320895
109623
286171
509428
113789
117745
114961
110889
114611
114095
116881
110849
110789
114909
119043
113123
110931
286039
513363
39747
321697
112533
322231
321753
112011
114039
322573
119821
118799
117931
286011
112123
118997
119249
117337
513431
108973
109495
319451
112105
118645
321153
117299
117873
111445
115361
517487
111983
112219
320601
117107
111703
5649
109561
109533
5623
320831
108433
119199
321779
112303
109353
111837
517519
507212
111757
109545
118529
119581
109047
117463
111267
321017
39109
110809
628369
1007
108047
642475
509491
321987
117779
114397
108665
321853
322047
112763
39857
118613
109765
117545
110437
321383
112523
118641
113871
107553
110565
110747
112341
111027
509531
114149
117593
508845
117743
112733
519677
502318
110433
111209
117115
562934
112697
117379
114313
286239
321323
108373
322157
115619
107491
111607
39169
286117
111181
108513
117729
500146
39839
283641
323965
525037
320851
99613
117055
108853
513681
322165
109065
109645
108725
114373
110837
114261
642456
116175
508828
286335
322549
112165
320641
517442
114829
113141
114867
286351
321945
633396
112205
39283
112153
39237
107877
112417
641913
5857
322161
117309
520882
117377
320945
111749
115419
513302
320961
325791
514532
515766
115081
119071
113509
115683
1016
109127
39321
283775
109233
110743
115521
321129
513630
549035
110935
320881
639858
325843
1014
109253
113629
107947
118389
530424
110319
320339
115263
39819
108001
26600
119507
109673
504238
114725
118557
321249
286365
108745
117903
119785
111453
119251
39761
109819
117443
109195
114205
320841
111287
117719
109307
107635
115933
116181
115149
107669
99607
516322
110345
321183
108003
286387
519826
119159
117353
39069
110727
109341
117657
110939
5921
109083
324159
115235
111763
113679
115603
117845
39483
286319
119577
114243
113971
119393
286409
113673
117643
639140
513296
118511
113533
508840
115085
110825
500166
108095
118971
118077
115507
110701
117295
116359
322557
508873
39785
630132
325931
116365
321813
322111
108875
115083
111437
501714
118771
515785
114641
117669
507244
116283
26596
114239
563922
525458
119667
321041
118363
114693
113523
320199
322403
109729
111995
118595
114125
637457
107825
116315
110833
117047
114951
119665
5717
112597
110315
321603
117567
109641
119731
112077
119371
114203
110955
322469
118225
325919
520948
114421
39091
320899
115869
39551
109871
115253
108515
112397
109647
321317
108931
109763
110147
119169
111035
283719
119715
5949
117951
286379
508777
110869
1015
113541
112331
119583
119609
642478
521404
110467
117081
39265
115753
513925
111937
321373
111719
116269
324145
112447
629166
283545
118185
109243
320559
286449
111987
116893
324043
118391
321011
108195
118033
108421
112753
111247
110735
115239
119141
39331
110815
114765
647132
108591
116317
108831
115579
119615
114953
119437
111727
517463
117271
508252
119495
112695
118689
111721
286047
321039
114505
320427
39675
321573
111689
322465
285945
114749
527255
108327
110797
111519
5699
110995
111551
116557
116157
39585
283695
107913
107817
117187
119353
501746
110823
325853
115857
285933
286257
515747
116369
114311
110095
118695
321663
115793
113413
320701
320939
515671
119827
117491
283769
39619
115417
322139
116419
286043
520187
111283
286209
118079
109247
108863
320885
119105
322257
283505
114097
119083
322069
113925
39887
110261
526256
116217
518112
286315
108091
99604
109827
321647
113483
114883
108439
113765
119241
508762
39197
108141
322283
5879
118035
517753
508254
508249
110379
108283
110545
107957
112345
286243
119131
119331
112021
315953
5967
109967
119447
116037
39915
116673
321393
110511
516265
322043
115039
110799
109185
117239
116097
320345
109977
322597
119773
508871
322615
39153
117473
117879
321033
112045
114211
285943
115565
115713
110519
116571
113487
114247
112243
112581
119425
109321
321905
40033
118857
322229
108071
624110
109041
285963
321975
500197
39175
320653
116103
116867
111753
39811
324185
561776
109803
108117
319409
116271
321203
113745
113435
107923
322443
113741
108063
322375
322255
109447
115909
113125
322197
110961
108567
108289
109279
39821
114793
116089
109125
108651
108855
508756
321529
108349
99576
110887
322471
118145
116301
548496
108829
321897
115983
110331
111861
325861
115537
113829
113517
111071
324075
117687
322545
115451
115217
518147
119567
114933
107771
323857
118715
108253
5801
118049
109897
110499
119961
109937
107595
119127
112551
283699
118979
323941
508223
111825
320539
320391
645399
108501
113619
119725
117553
112307
320174
286191
39795
117785
111047
321031
117341
508843
517571
112721
320887
5707
286309
112071
117711
110853
118639
322031
508781
320423
656652
321819
321577
108355
118775
5841
118883
109591
114327
116305
117813
39271
107843
325819
111025
321741
39601
114075
117281
322357
320863
117993
283715
508240
109293
112707
117611
114023
110913
322451
320671
107529
116345
524070
321651
115237
118395
322209
111751
322287
108153
107543
114417
108225
117849
508870
319383
110775
115705
323897
647152
322599
118117
112289
114325
286385
116699
111907
117301
324037
119619
113757
286111
119651
111407
108617
642545
322013
111241
109619
40031
107819
116065
323997
118023
112249
108781
117609
321449
110141
112757
283785
114773
111233
108687
114847
322041
320825
111191
118615
323913
525743
110037
111149
286169
321453
114291
283685
110093
286337
5643
26580
119489
110279
320178
508818
285997
117651
111745
115299
319401
517470
114399
113805
321291
114907
109301
112195
320421
320759
108749
530555
116411
39395
116199
113507
118061
111653
109605
118755
114807
321757
321719
325923
283691
113993
39275
119789
107687
551765
39241
286075
115927
39983
116831
322049
321955
119223
118047
118739
39623
117051
113597
115919
525411
320629
322117
321767
119517
117693
116215
115745
509321
641151
117659
321623
509317
107715
109959
111599
508265
286269
39149
321759
117761
286397
286303
113677
113863
323881
39465
286197
119911
108963
115243
39399
512339
119233
109009
115859
108295
283481
517575
118113
118701
107783
319355
114081
118149
642547
116267
321243
321441
113131
504405
113489
111249
321307
322089
116477
39195
119179
109029
521998
649595
111761
322349
325765
115447
642669
283727
111115
114453
118763
108133
322427
111113
112405
324157
117559
113527
119413
107565
115725
118659
108589
108753
39869
117911
107917
114719
503117
109589
321811
39671
5769
634666
110653
109337
112311
109715
654826
656604
39437
286245
119693
112639
39771
118599
116295
561720
283539
113473
5867
562987
111127
5873
111527
119211
117265
541384
114633
321843
321631
111391
110399
109711
110163
520486
110115
112751
119675
111151
118007
39381
110137
108525
113951
108821
286423
283533
321901
110495
109565
107713
283599
111059
321133
109027
108729
108709
119843
107567
320891
110917
321569
115693
112691
117521
108391
119145
110487
508740
107579
117199
508250
111945
286415
115327
113127
320188
110659
114195
115247
117365
286185
113857
642523
321715
112347
26595
321397
39679
39881
285965
39537
286403
109951
283579
117285
116159
5827
107999
109423
119183
561173
109775
108365
114491
322061
112693
39243
39977
283675
324149
321995
323852
321403
114395
323995
112725
110879
107515
109853
118243
552112
513108
115271
39137
109861
286029
508810
110329
320455
114497
112201
286479
321185
321923
114053
118215
118239
118299
285991
116429
508280
108809
116071
117963
321165
110241
109433
116931
111307
548269
286159
322009
283583
118219
108279
114825
108541
113859
115657
110005
116581
525751
118477
109413
39191
656075
321445
115477
114815
282853
107495
320209
321337
108083
39569
39125
320987
119163
516391
109391
513292
116961
114045
113783
113503
113779
108757
114021
322331
286083
117333
118631
321109
112057
526330
516371
39549
320699
116107
509485
510838
108603
111561
320208
119483
114133
109911
111855
111447
508850
521918
119119
112655
637814
117663
110313
40001
516289
109097
508201
107775
112373
520649
114915
320949
110597
119061
514433
117777
39813
116377
517222
114743
116943
116871
286445
111679
108241
5661
517582
114577
116785
107883
108833
656617
320757
119333
320379
117009
119851
39201
108137
560734
529303
112223
116501
324083
324173
320769
504834
111315
114861
111483
107585
116749
322431
320649
108351
108103
117847
39477
642687
117405
111517
115311
521985
5831
110805
508261
118445
286113
320563
525129
108511
117211
113675
321065
111603
325835
112637
324109
118155
109555
111781
118195
107661
110867
116725
320183
109053
108493
119683
114865
320901
530561
113645
111785
116045
321429
109989
118475
283573
642617
109285
286273
322555
110909
116171
108381
325927
321225
522098
508259
116837
113791
109497
119349
1002
286165
320781
107413
526539
321443
116531
108579
109121
111993
519363
115533
108577
111065
39905
39287
286251
525732
319371
116895
109403
320941
508848
118549
115791
117967
112237
108019
109169
119553
115231
108175
117551
321583
118961
509930
109075
505171
119741
119385
116667
108389
109631
39715
119121
500959
107649
116977
110709
114231
118349
111927
109915
108905
39879
110027
107573
118505
645380
508256
117905
286469
321075
114937
107929
113727
115105
115529
115719
109257
39347
320855
111089
117073
520499
109201
108871
1019
39701
500997
116805
119451
116169
117419
322127
321981
322285
119653
109349
508270
320651
113635
112431
115227
116125
108679
502129
5749
112437
321491
119295
111179
115037
320929
515829
114043
321787
119311
111131
324153
286431
119041
116337
117287
39151
5843
639665
110723
119191
322579
119559
111369
109263
112253
117617
116923
517458
114879
110373
114527
114131
110447
508747
320963
115163
39335
110109
39505
111639
26584
116647
320613
115689
119357
39781
5771
116077
320955
39805
39033
320439
113893
286195
518949
508232
114185
108951
115853
321343
324025
119857
119925
111533
505468
119257
637837
320959
656605
322389
119751
118733
117391
286375
508024
39639
116135
283441
508751
111939
320717
39105
111629
107707
117207
118251
116083
109045
114367
114371
321229
108551
286099
541820
324023
525443
323989
110117
110753
322581
484671
508852
320661
110563
119479
39725
108273
119951
286261
321241
321433
107675
119847
114393
113803
114747
322497
109851
286049
111725
119067
110455
39119
321857
114783
114315
110423
108335
321423
325859
513109
118353
112791
320485
117983
116507
114401
642685
116423
117701
321169
324631
108257
286125
111063
525066
107583
116243
117247
115817
115697
107483
116287
117797
117869
118517
39295
322109
321435
39159
115561
112623
119321
111771
501420
115203
114803
119721
39843
113643
562979
509087
637849
108111
323937
283459
113511
115211
1004
110259
111145
283729
116467
110579
108681
509080
107593
108465
113493
117335
112773
116319
517503
286295
111713
117597
517517
5739
323895
115733
117269
321079
322015
119129
39941
116857
118993
114121
322567
638994
112457
321301
119161
110179
114475
115577
320869
113587
111189
322363
320355
118607
115547
286061
118201
116207
117347
111665
116603
26587
39487
107755
39807
118293
500912
119909
322577
315937
320743
509318
108293
118809
116179
114433
286369
321911
324091
110167
107963
110485
321867
283745
107665
119111
508875
639474
116599
320200
117409
116201
119063
109867
113851
508255
111125
39443
116743
119607
108887
109091
320203
504251
286253
113821
39711
522092
117861
508761
109061
114107
107787
108849
40009
5783
118627
39317
630672
112785
286457
114295
642548
508208
39297
114533
322621
113785
508237
285959
113477
113549
286213
107503
117965
324107
113915
324005
321919
39397
116491
115625
286015
324077
108767
323931
118533
524054
283491
107955
520703
116469
116407
116329
513425
113591
324093
118869
508276
110451
39379
119285
508246
119171
119271
5897
108609
116807
119471
109145
114005
107729
111411
323851
115833
112439
107821
110979
107893
108879
109069
117973
114085
509433
285993
523985
119621
39903
322459
320385
118081
507884
116573
117007
110177
517150
283697
117975
119073
642328
115717
110705
110725
112149
114389
114849
508869
112159
112395
5855
119051
117241
324007
322275
5943
115429
112737
517171
108961
111193
635865
110385
109071
322207
119735
283763
322447
112593
116761
111001
5791
118425
320763
108825
109241
286135
116007
110131
115655
5803
112259
111067
111513
509468
322297
117639
115811
642590
283511
117357
112649
519813
118369
112281
39269
321201
109609
115901
115575
639651
116353
321915
114093
111215
320765
115103
109015
286179
321239
118927
108649
39501
510400
283741
108877
119417
5799
113085
114735
111869
116633
109627
111045
321255
114583
111671
26592
115819
39561
517437
110403
116605
115189
117775
39221
110901
639915
112343
321057
107937
323979
320186
39299
119305
118167
112299
117621
322507
107905
107835
111783
509088
324105
112599
109945
319429
117825
508224
117627
501949
322185
115743
319555
286031
115527
320919
115213
107461
320621
321487
109649
110013
322339
110413
627984
114127
118157
117665
108123
109101
115813
112643
107621
118851
118945
108251
111229
108917
517190
110133
113973
530830
321953
286219
321903
114629
113599
642520
110927
320779
39937
108221
508251
315957
118959
117291
5807
107709
119775
107995
108011
39759
111699
112239
119869
39643
108985
115567
501601
108263
39931
114437
107945
116855
5823
628231
119133
114137
110915
110357
111829
109465
39177
118989
560135
115349
116481
110151
286233
285961
110729
541251
108089
39401
508214
117019
108527
39459
107871
109113
111281
116809
111165
113749
114621
110537
505570
117765
113667
114553
118481
115135
118101
321447
508245
117883
109339
117411
111731
116631
117013
320751
114329
512389
548291
115321
115623
508846
115389
117085
115735
116689
113735
118669
114089
628474
114515
110207
119771
117515
110591
283801
39403
109727
321797
39307
320389
39073
107537
26594
285973
510960
116489
112131
117057
118873
119957
286311
118247
116843
118875
111859
109651
108445
325837
508813
116023
321685
114851
114877
111673
111847
642524
118777
622984
112291
321717
286057
118433
110387
321763
109695
115513
118973
319381
323943
116681
319413
114661
116617
321785
119389
39855
320639
111161
107415
5957
119881
286127
119403
109265
109955
321315
39969
115651
320555
283563
508780
117811
112235
322359
111487
117709
501939
113481
283647
320609
320411
112139
113579
508776
109435
561735
115495
119237
114193
114819
116755
325904
286153
322225
642450
119395
118603
114447
108885
115177
109491
116163
110845
113499
112217
115903
320731
117151
113515
286167
109355
321497
321769
283805
117033
111415
119513
112207
108109
115505
321877
286473
119003
39131
119711
508204
111169
111863
107489
112413
502644
508760
321019
286091
320893
322263
114831
108987
322293
115175
116911
286121
5941
321643
5969
39981
283783
1018
119397
5919
114181
114217
512368
108929
117005
109883
110625
115627
112625
117093
319447
5907
115147
323885
108233
115837
109993
513611
115359
110107
109135
322345
119099
322625
39289
109013
115883
115849
642477
109887
117997
111361
109311
107841
110835
108419
110895
283465
116247
656251
117943
285957
115761
118801
115775
108337
508766
111547
112025
116313
508759
108789
113607
324637
509085
39893
119797
114721
113957
119383
5923
111921
320947
517577
514042
5689
115989
114159
39363
519807
39793
116121
508301
99620
119781
116909
507218
39173
114061
322243
115091
109891
324111
319419
39415
320607
39017
321221
116001
113423
119267
117991
39083
113835
323883
286063
118765
112043
115139
117549
322215
113947
114251
115223
111263
117359
114669
119813
5945
508271
109063
113103
286187
117575
324635
109117
114741
109059
108669
321839
521992
508821
114271
39649
119737
110673
118741
118153
5981
561761
283575
5881
99570
118171
321311
119669
109467
508836
109705
111325
114427
39743
108977
509470
108625
112267
40003
111019
112107
321145
117759
117979
110369
321907
1027
516386
115257
116357
39955
324163
109823
5913
320361
119765
107575
324175
5927
107953
321713
505142
512005
323853
114297
116099
518032
111953
286327
108043
111497
108223
107523
108733
118179
109493
116115
110439
516378
107605
108555
116155
119153
39851
109377
322425
108237
114763
111881
111925
109669
108427
283683
107927
109163
112367
99579
321439
324141
115481
112183
512995
119965
113651
112401
321657
39025
117535
39051
39925
112179
114627
321049
116851
286447
324041
114957
108207
111309
114563
509323
324123
114225
321409
508300
107987
324179
286007
107559
115773
1020
116475
119185
107735
110585
505497
321419
117369
286189
109331
113505
117513
118397
110679
321471
111235
319357
517209
639748
117603
322313
39441
107959
107891
114305
112729
321997
118559
119469
110641
118911
116815
118575
319453
117257
110787
512381
108637
99578
39951
116389
112543
112739
118791
118451
108449
115281
508888
115057
286435
624112
118399
113135
322295
117541
320403
110011
117117
117119
119889
39261
39061
283461
513687
99615
39927
118413
117447
114375
39837
517583
119871
114255
118887
321705
320210
319373
283655
283657
116803
525398
283611
113963
111243
115347
112797
509306
118463
505251
320933
119367
321193
108785
117399
637843
119377
109677
320206
117507
117949
111693
119511
117801
114597
112383
110121
323863
283477
118223
118651
39065
286317
110219
109095
108559
109023
286131
118319
107811
118853
5709
320669
324055
108549
322477
110513
113921
115371
110019
109431
321677
108727
286235
115771
324033
320725
113711
119137
320547
319403
116989
115737
320921
283639
116343
111377
99599
39995
110933
115173
39111
109815
111883
39899
115517
117995
116637
119089
117121
39973
5835
111083
283791
321001
514921
322347
322211
108629
118617
111677
107897
114615
321359
321801
116291
321089
108199
315955
112711
119375
39319
116999
107997
114197
113683
111253
116783
283753
320675
115461
110299
508267
515673
560777
501989
110527
112171
322319
321591
108893
114163
108361
321093
286259
108057
321513
321077
112765
118345
513295
118825
109461
113399
119937
119091
111915
320603
39225
112187
320435
110265
320447
39713
320735
322205
111667
325801
283637
39057
286175
110043
109345
286021
110903
322559
117691
119381
117037
114685
108639
108983
117791
520851
514199
116865
110195
119539
112185
109147
112671
110397
283651
322079
114731
39281
117767
110391
114873
115861
110965
320202
109717
114945
110779
283629
111601
40013
115669
108245
283591
118805
5673
321615
119009
39349
116233
117455
39699
39631
117635
114265
113703
283493
113953
322189
321411
321547
115595
108417
116141
118003
111831
320205
320175
39199
99590
107507
111489
112359
110785
321005
116425
109839
117577
109999
320853
118817
116185
118375
510381
5925
113559
113653
642317
119005
112381
113861
112409
115405
107655
109019
119921
642689
514558
116403
117429
112699
118255
320431
117751
118073
283587
111961
116823
115169
109073
116005
108261
321477
321721
321083
119157
111557
111055
322093
541053
115045
110507
113657
113905
118881
110881
117477
109369
320573
109701
109421
115181
321835
117747
524056
119645
115161
5713
118333
119117
322131
109811
108041
525108
112251
624078
320201
508832
114275
283661
115225
320677
108315
109557
323935
108167
322513
517580
114817
322299
111779
320625
508757
109921
118063
113797
39655
117881
111741
325767
118591
112189
505539
119953
321795
117083
518149
321675
285951
115981
119805
321273
39247
112519
513452
112005
117273
107965
108491
116221
116547
286095
117613
320443
324143
117885
114513
114929
110183
113625
508225
286405
321539
118097
324151
108835
286281
109679
321791
283547
642397
324071
321803
322503
39627
108735
553318
320579
115679
322195
110767
116883
325805
320409
321205
110907
112793
113967
118337
116995
114227
115351
514685
513298
108897
319423
111095
114303
526534
321931
324049
110263
109963
321375
642396
117317
283817
108933
111219
113573
117315
323854
114713
517584
321881
99580
109131
118861
117421
118657
119401
519531
108959
322323
111733
110083
514578
115805
119611
116399
112275
110227
117907
118115
108543
114221
629452
323889
99575
116525
114111
508796
113695
109087
286183
114901
642452
119905
324115
320469
113715
321959
639864
324155
107895
283537
5723
283457
115469
509314
322413
112651
637808
117015
113437
114559
5871
119361
321527
112323
116309
110863
118653
508239
504533
118547
111213
118311
109639
319393
109457
107409
39357
114349
113495
111261
110245
118721
109463
118501
119829
116845
118667
114175
39891
117953
110157
119717
118269
119181
39773
321695
510110
286097
112563
112213
5651
107873
109327
117707
111865
1003
109965
117783
115355
5743
321833
508241
320591
108845
322309
39727
108557
322251
509309
115385
514713
116509
114463
509982
109629
119547
112003
108049
119899
321217
115031
39273
116967
118655
286277
111439
108085
107477
112577
39875
119175
321053
39355
110551
117543
112225
5865
110069
321855
283669
113093
321231
320513
113709
111409
39697
508764
508264
654836
505447
283469
315941
116907
321885
111183
628745
508790
503325
642660
39901
116905
321729
323909
108811
322305
320371
115255
119969
107471
116891
117137
109569
508782
110045
111631
109987
110055
323861
108663
319365
507975
321665
286343
508247
39535
111505
113543
109517
112141
116111
116707
119601
119637
321389
119431
321533
110311
110657
323991
286023
116091
113707
109103
40035
112091
107561
509328
508302
108441
114223
116431
324073
520806
119549
119319
118351
507913
5983
325913
119301
109317
5917
325909
119727
514029
119761
509308
108197
113931
109211
110297
530459
320517
320637
109535
110287
111787
115283
114837
110543
119663
111777
112121
5671
99612
110325
321519
107727
501094
108129
112061
505540
320575
107625
119227
110697
5683
111635
119841
119947
111207
116529
99569
110253
108509
110203
5905
111759
118135
321219
322369
108715
113465
283609
111985
521705
114503
119875
324069
319441
5889
114151
321427
119933
621900
642595
115645
320599
286079
39877
39427
113911
39929
119907
107535
113417
324097
115673
115709
39365
112615
505397
286307
107795
112361
558622
116801
40037
119575
107803
112125
110717
115167
115873
322153
118793
118845
108761
108113
113897
322623
119801
109437
109935
109885
110035
39071
520872
119429
286299
118951
107647
320973
324167
108755
118637
115835
117947
107869
321457
116341
109621
107807
118111
283681
521438
116691
39383
5795
109581
39019
109739
39739
119455
115195
111293
509972
111311
118931
108953
117599
320645
108581
109757
115303
5893
116047
325795
111057
114705
114443
114711
508820
323945
322381
116951
118263
113525
283643
116759
117289
508266
117329
118967
114509
116767
110695
118045
115393
556449
320451
111295
115059
110347
116333
111383
283761
112111
509596
112167
115721
111069
112007
107919
119541
321737
286481
107629
321841
321575
108519
114115
109271
117887
510419
322617
109419
111341
117795
116033
119205
118367
112555
286451
114071
321483
109723
119955
513433
116189
109159
508809
110539
508785
108487
108623
39765
286353
111795
119001
283659
113463
108495
320467
508894
115635
117957
541369
39563
321379
508824
323939
112145
321299
283679
40027
541813
115729
110831
114067
323951
322223
645379
319433
114499
99619
322325
110829
26579
112653
114011
115531
119221
110323
656199
118995
322289
321069
114135
506950
117757
320865
114769
115445
642594
114439
509824
108997
117029
5901
286045
108369
113965
119563
119589
320703
116483
111041
517203
113491
320813
107499
116435
114833
520904
118519
99583
110665
110383
5655
39975
110561
283663
109031
119411
39667
115605
320401
118365
116721
115209
26593
107747
519518
1008
115893
118769
321289
321125
113795
649596
118131
286371
5629
119315
286427
107447
39485
320180
321993
111755
39471
39085
322333
283605
110001
111147
508837
108913
321269
118839
39015
115141
111743
320194
39885
113721
115879
114337
286077
118811
114257
39745
111353
117171
322395
119867
118717
116209
109567
113739
526011
114805
117237
5619
112667
320565
115945
555587
39385
107743
322355
320943
112017
109471
325809
548521
118751
119879
320589
114253
115369
112231
645400
117939
322005
119081
112451
119017
285989
39267
635868
111101
119939
115643
321641
115245
110489
107683
116577
114267
108305
508793
323963
286157
109777
112197
39435
114579
99573
110221
39431
323927
110765
324089
114353
39709
283595
320727
116697
118897
286093
321829
509462
116875
115751
116397
39461
118147
321701
109683
109907
108671
321099
111201
319361
109773
500217
118503
118813
286475
111815
322327
119209
285995
117539
111633
39455
39923
118233
117773
109923
119307
111835
320923
321211
117959
116683
112301
108429
118127
109529
113879
508803
119337
321013
116849
112329
320733
39557
110763
286129
119893
119633
116701
117509
39451
322489
107645
117789
5653
116205
520849
117735
112669
39703
110173
107407
108901
109525
111199
39053
321275
321029
110243
119853
508834
115199
117645
117417
509307
109275
119323
283731
117713
108795
114723
114521
108569
110691
117253
629455
39737
113147
117067
118109
115471
115703
108619
39835
114599
119509
117583
286053
116153
283541
114943
321893
118571
107615
116021
508207
108545
39971
117471
322531
107693
116335
114537
114347
113603
322057
113633
119255
111597
509412
39263
630697
321131
286173
113419
118949
111685
325911
110613
108139
320905
118795
108717
630093
114321
119275
114695
635967
322147
321355
39209
39723
321965
113459
115433
5935
108423
117503
110609
117243
39589
642326
116493
286461
118421
524012
118087
556550
500017
114671
116465
118439
321609
322053
117437
107725
321143
115381
108981
117803
117481
119543
108405
111319
112039
5657
283813
286419
111477
107939
109643
112279
513350
116415
321073
113717
119701
656618
115759
117061
560721
286237
114639
110985
509324
111467
117215
525383
320195
110119
286211
118523
117987
113521
110267
110559
110135
118449
111173
515831
508801
116545
114299
321149
325937
115101
115251
119673
117189
115297
114281
39165
113841
286323
117105
320577
109731
322441
322193
509325
111949
322423
39907
113989
111711
109741
515690
322385
111853
108605
111981
111951
116535
107711
110073
116753
108895
320193
108915
39447
324641
110501
111185
114647
508749
119527
109611
525405
118707
118509
513300
108723
109003
109745
116447
119125
40045
110677
285925
324189
107587
5747
114445
642618
322033
111245
118727
107511
115639
111563
319363
110419
110223
109845
110737
109283
320531
110883
517573
119025
109547
113807
508268
321541
321335
107903
112385
108229
108189
40019
513622
113107
111957
109093
119647
109025
321421
111729
108301
117125
286069
118237
321509
525456
114649
118051
114355
116847
117021
39777
320407
563887
109213
323985
109249
114057
114591
112455
117835
321515
321595
5815
115611
508783
117203
112273
108947
642529
322259
116685
109205
320697
321751
5631
512402
322627
110359
324031
117325
322377
113955
110273
116567
119449
321815
283689
39871
110633
323867
113685
110859
119787
5725
109051
319415
322529
111943
508242
5931
114429
113401
111177
286433
322479
113605
508269
320331
115137
508217
118105
628268
114551
109749
322125
116349
320907
110587
118629
283551
322405
325807
111143
110003
118123
111567
115993
119963
113697
115905
107737
117525
107829
110843
114625
116413
508202
320487
112161
110351
109291
112191
321207
107455
283501
5727
107601
39081
109313
109367
119013
109509
286013
114603
110405
512396
283581
116821
320707
508210
117159
112305
111375
115571
110553
117937
110247
115569
107639
322629
117479
39077
117655
114449
112049
108903
107475
119243
322025
39229
114519
119453
118217
118221
39325
5979
110233
118359
323850
114035
117027
39359
107697
114623
319359
114365
116879
119803
321667
115323
113801
114467
321605
107875
115593
117739
115559
109805
107633
111971
322321
115799
321581
108281
119207
320673
111683
117279
642453
115647
39847
113719
320989
39527
107421
118119
111845
108313
114277
321925
112309
325939
642667
115977
111595
321985
526901
116253
110819
112789
39707
110343
322365
117397
113923
320857
39133
508234
109485
111935
119053
112297
504426
108969
111455
119317
113565
109441
283811
118573
321845
118757
108921
321889
116829
99597
107887
114079
114335
107805
321807
113105
286033
509505
99610
541828
109791
635970
645381
118169
39945
117681
119519
321557
108765
286145
115087
321161
118609
115421
109347
115053
322091
321095
117223
517567
282855
514456
320789
286019
117193
119491
110951
5703
116551
39479
283787
116693
324003
107667
111365
117395
39591
107833
116449
111659
108447
112631
114301
107497
113733
321187
119261
315945
325851
116653
5937
320663
109733
114001
117563
114959
113095
323949
113913
113899
116575
116093
324187
513717
321709
283521
117489
320173
108691
114745
320557
322547
324053
107517
110435
117435
114009
111231
113623
115215
118687
113943
5851
118329
283589
321561
110547
320793
119603
118583
5775
39659
119677
110637
111623
325771
39419
5687
286025
111843
117753
320551
108219
629172
320483
520856
111827
507487
283531
108747
508273
320777
111647
114109
111605
111797
512326
283815
116593
5675
117569
107885
118665
108711
110479
114323
319385
39921
562007
112265
324119
116059
108523
115949
110947
109297
118567
320605
109559
119235
108743
283677
118497
111515
39939
283723
108689
114069
39533
119095
118943
116583
113557
111441
115269
107861
117717
115285
112781
283747
39913
119497
321933
110989
115831
117381
110795
321531
320449
116897
115073
324079
119247
508847
108403
320689
116149
118431
109635
39187
117075
286381
5863
322101
109663
110047
323856
109105
108277
118745
114753
119459
113751
110583
108399
286067
322279
114811
530548
110145
115501
116063
114565
113577
109443
117819
114141
107849
109795
112553
39223
517742
111417
324121
509322
113833
119767
108017
107967
110509
39607
286059
39763
107721
39481
322563
320595
111999
114965
111339
114539
320753
107899
108635
115659
109261
513299
112215
115277
321347
323929
119943
39613
108345
508742
116663
322589
286009
114013
556538
116703
114157
108923
39371
39323
112069
116391
116787
110755
114461
110339
112605
112245
118673
99611
39525
509078
323869
113535
118933
321463
119415
321929
321917
108323
530399
286429
40025
119173
110051
508218
108843
107757
114333
114029
113883
115459
114003
321111
109961
503316
39293
286313
116973
320627
118301
39115
321973
530683
110211
110237
110409
117059
108489
108697
508838
321261
113891
114911
621770
114659
508841
5903
111501
118709
283571
111167
118011
118383
107909
108957
113777
112175
115431
107473
321459
112115
112613
110251
115333
508763
642663
322613
502027
116747
117505
507234
119225
115301
322397
118277
322137
109359
109237
119265
285923
114031
111257
119021
109667
119689
39373
117251
118197
119443
109501
118969
5691
111081
324059
108611
524019
548811
1006
111203
117899
509657
109841
548560
108005
509484
321899
320523
113631
110941
118165
526335
110589
39859
118589
113825
113537
111571
118723
112453
118091
111691
509630
322611
111087
320993
286227
39919
114843
111481
119193
117555
39417
108105
118605
320170
111373
111739
39021
117297
117165
118585
322113
39635
39665
107437
119809
114645
113547
109451
508771
117591
517449
508893
112769
554421
113091
117683
109575
108965
117453
119713
111857
321399
112747
114279
112759
116675
108077
108945
108647
108595
321391
119485
321015
286119
118681
39559
113813
112703
112147
110463
107663
630180
112531
642006
323921
640913
112535
322429
114887
325811
508795
39147
283509
108763
112277
115591
283467
513615
323899
285981
107425
111581
119573
108685
508258
112727
108425
320457
107617
107881
108317
116213
109357
110711
321725
115439
110595
108309
110225
119613
324127
286345
508874
322149
520519
110619
112119
286255
108145
509320
322239
320395
111895
110661
114841
111969
113451
112741
115641
110611
111817
110655
115727
286287
108979
39605
286109
323961
319353
116095
321381
511413
508891
286271
1025
108217
115929
39231
109477
112271
114161
117403
323959
114209
321563
118371
39935
119515
517578
116735
110363
112387
26586
117933
108411
521825
109217
321873
107969
283743
5639
39539
286199
115279
107453
118213
639909
113877
116263
108371
117017
113471
112569
39491
110693
118125
119445
283703
111701
508016
324117
108037
117809
111875
324177
110491
117875
111321
118385
111535
110627
108561
114663
109847
320581
517235
116985
118177
1024
39143
519641
107555
112403
109657
39013
113999
99588
39037
39633
508752
115315
109909
113613
113693
321589
119917
114801
658683
111359
111707
116293
116281
119929
322457
108773
639677
116443
115973
322417
111697
5951
114823
118903
39791
114101
39617
642522
116025
509454
285977
286349
109785
285955
322199
115545
115493
320615
39599
117793
325833
116841
112419
112677
321417
111507
116393
513674
500892
112263
324095
116915
521670
118411
113395
108379
112559
321025
520199
111687
109743
115487
508867
26589
285971
319405
116709
322371
116011
5693
110155
321037
560654
508244
115631
283751
118841
321991
114331
286051
107865
111463
108597
642549
321863
321947
119897
323915
110235
117451
109011
110801
641418
117727
115249
321361
320797
116081
108521
513689
325857
116799
113781
113873
117921
321879
107837
116265
508236
117495
107855
112779
108319
118085
115755
285929
114525
5715
111367
99592
323907
110921
323955
112761
324639
113405
513279
112775
283733
506957
109551
39853
110371
321739
108039
116165
108787
109697
111017
508849
107857
563893
5833
99614
110091
107557
117197
109877
320909
107915
108919
325827
118823
322249
112181
116657
322307
108805
108377
325921
116471
115925
322495
118409
109207
107659
108563
117303
112059
107867
320791
117099
109981
508787
108993
319389
111669
111175
322151
107763
119467
111259
117167
115765
322315
111163
99581
39695
321875
110269
508738
112315
108891
109055
110113
110555
118975
320737
115465
99567
115049
39215
111459
114411
115069
107429
119037
116885
113593
119387
110515
322071
119229
114165
39541
320849
108081
115241
114857
5711
114701
111989
118747
116437
320367
109613
119779
39677
99585
322461
113145
39181
118601
320773
286467
111849
109659
39615
320747
113731
115543
113995
520941
39353
110991
112257
109479
319387
108713
5679
320739
283519
285969
5635
114777
118781
113097
113773
561218
39139
117039
504548
527567
118661
5929
111331
114065
108325
112283
111011
108393
525450
118465
116487
110875
119729
320937
119521
115731
322505
321851
324099
508226
115153
286425
115757
117323
321327
112719
111195
118107
286073
320809
109563
508892
514035
320347
321413
319391
513628
324061
115583
322409
113755
115193
320845
283623
115511
322487
26578
325797
111139
108899
109397
115613
1017
110841
107879
113373
116983
513335
323923
642592
110987
39575
320931
111345
321007
39547
116387
111569
321517
514523
107681
117523
111615
107651
114481
112591
108311
114123
320969
520193
111775
321067
119967
115847
5701
39503
119045
39963
109537
108079
514518
107971
109329
119407
114171
116117
114683
320198
115289
119093
116661
283799
508746
117307
111135
108909
321271
321151
115071
112363
110059
115441
113639
116273
118493
632165
114359
322593
323981
321493
508831
111275
283535
322329
114905
115157
321357
116523
111335
39255
508203
111211
320683
509352
508844
119087
116519
320587
111303
320783
39205
39377
109665
656257
115617
556611
118579
5779
115179
117891
108477
323903
321003
108675
110577
111523
656087
116965
321777
647126
321365
39127
109319
321059
320799
114703
115607
112415
110631
320541
112673
283601
117071
111347
286383
519505
286279
119245
115331
119579
111239
114673
107623
5963
118005
115425
111421
111821
116641
113561
115357
117927
118731
108529
110071
320365
110971
111273
509305
112083
109799
39509
107401
115197
508323
117969
117275
321451
322253
108247
112565
508773
320915
114889
108587
116769
39311
117499
107769
320399
116383
108215
116339
516246
113761
321503
117871
119723
114493
39433
119877
5985
525413
110103
321821
508800
508222
110477
110535
115589
322523
108659
109931
5641
5887
322433
111789
107417
1010
642665
118915
510510
115877
117221
109231
111265
507899
110301
119913
112089
116953
642664
118515
114939
108719
113907
112247
108015
111449
315943
39783
111641
286321
119807
119339
283615
40039
108751
113941
109381
110181
116975
109351
107751
108499
115043
107673
112029
117557
109825
324113
283645
321321
115557
5753
107671
113881
508227
114973
108385
110097
508275
119739
118175
283607
321957
108593
107921
320397
513609
110739
286441
39797
320655
509304
113089
286177
321087
5765
110199
113701
286289
112073
512354
283489
119035
283625
119263
115029
116729
114585
119101
630200
119699
508235
320843
116927
320665
324017
115143
114377
322337
322063
111909
320375
517444
110465
113975
110719
119461
39595
108165
320953
39507
118705
111465
656635
283443
5737
322055
114017
115917
322445
112715
639473
320419
321325
324019
115437
119113
321481
109783
520506
114675
110171
112777
108797
638993
116261
113979
110861
115261
114893
325845
112285
116527
286465
525717
111419
39521
320643
109703
321825
508889
119309
109991
107519
110049
508805
114737
111015
322171
113819
39967
108171
285937
114619
114077
110057
509953
110341
321319
114379
322085
509084
116057
516764
522906
321369
321123
39301
108053
113671
119883
114015
119313
109021
118619
321633
116629
322605
642662
283517
115923
113687
108851
116533
108989
39367
117355
108995
109333
117305
111509
114441
108155
114237
119097
109541
112601
283621
111503
118265
118241
508277
115413
323871
321117
114405
39579
115809
109813
325929
321703
110079
115133
117771
286229
322107
321543
111395
321535
114183
115935
108599
517228
117589
283705
509331
5645
113447
504855
119685
113381
40043
39647
109473
117833
108883
111123
118415
286333
110191
110229
321887
325785
117163
113099
118459
116607
118207
107619
112081
114263
119757
320767
111589
320437
39429
111747
115921
111493
321425
118671
112735
320415
114531
111851
39991
283507
107731
118381
115455
110839
111643
109817
119033
117431
39861
110217
109751
283495
5735
325867
113575
119535
322141
520214
110335
508741
111389
322311
113843
116401
108911
118847
118341
112449
119075
523391
117605
39135
109753
118835
116941
117977
39687
115963
117781
117935
107531
26583
322535
118683
108329
113153
39943
110449
320715
321789
115841
116861
119703
322087
39637
5681
115307
111833
516329
39511
514452
113909
118703
283487
111471
107571
113383
114755
109281
115661
108571
111013
117641
111773
320381
283771
119845
111585
116195
118521
325763
110063
110569
115747
113569
320537
642457
110959
514509
108287
119585
110687
549339
39799
110851
118401
517835
39393
639626
320667
509449
108517
115401
116695
109661
110573
117685
110041
286089
325787
119671
110295
115033
116379
109761
109781
321681
116913
39449
322515
112031
321691
26590
501684
118819
114775
116781
107613
109209
286139
321179
110885
519353
110475
39831
110305
117343
112795
109941
112325
114495
320911
119887
322183
321395
324009
325803
118855
116251
111385
628480
115783
107989
117961
114229
110983
283543
108255
99574
116355
110817
110943
115827
109599
39917
107445
119289
107459
321113
322267
320535
320417
5899
39227
116073
108703
107423
112193
110607
116563
5975
112579
115515
39625
509316
629174
117205
107789
111553
109971
119945
112755
508833
112771
107551
322121
322007
111577
113101
5839
116307
508758
109603
112155
325779
109693
642318
39087
114541
322027
111049
109079
500391
509079
117113
285931
323865
39651
108271
110239
320755
115555
112567
115839
118191
502048
111431
115667
321627
108269
114425
116375
111793
515923
112647
508839
505503
115969
108179
110549
322179
115807
320861
109187
115097
286205
320935
505405
117855
5819
116935
108023
285983
321849
1012
508767
111929
117705
119031
118909
116877
321659
114863
114051
111587
117183
5721
109633
108573
111205
114921
108069
325777
320729
322167
115821
324643
39555
39211
109325
115739
109859
321141
113713
118677
108759
119849
114235
320611
321507
118141
39567
116069
118991
117851
114117
118981
107933
112095
118259
116621
111343
510117
117025
286217
114293
112313
519538
503354
321579
112429
119629
118417
108029
109085
117637
518909
283773
119823
624070
642364
107637
108705
116741
320515
321871
113815
116623
321963
112113
108051
109389
321091
111543
116763
509329
116499
110873
119959
107433
119659
321747
115089
321499
517241
116919
39093
507714
110999
118347
116925
322619
525021
322065
115165
324051
548567
117671
115789
5895
115145
39219
321461
321637
116615
320177
112659
112575
107863
99595
110773
109837
39829
107941
111051
509886
99571
116003
117461
645378
116061
650948
111021
116279
116031
117219
39573
108475
283721
523379
39741
115339
553833
319553
322271
508774
112295
108801
113455
111393
517480
117619
119783
114083
109251
110281
114967
111427
286265
119213
39787
109821
117649
111705
508792
110981
116645
113865
110757
112133
118297
283593
112023
324131
39543
321817
99605
114319
320971
119379
110707
117929
508872
39987
322213
118309
117065
115095
39045
283739
109111
509082
642024
39089
112609
118803
111901
508868
111911
323919
325813
113937
108285
109933
322491
39529
501756
109141
111617
108303
111277
507214
321353
115099
39515
283475
110771
321257
115871
119167
283673
5787
5767
114667
321661
321909
118859
111403
117255
108099
114339
320623
116793
110209
39009
514023
639910
110715
112099
113917
117863
508212
114457
110327
517482
117387
114167
108333
114813
115055
117201
112173
111039
110161
118787
108791
283757
117339
115395
108343
114189
117821
113609
509980
108857
115275
110741
110185
320172
110023
508817
117233
561774
5959
110053
110459
107831
117161
112079
114635
116733
118537
513369
321351
109417
505376
109303
114363
109361
319367
118453
111397
117769
110731
118487
40015
110427
322561
115443
630664
107597
114913
321783
548528
321707
507275
112443
114483
99616
513418
119591
320871
286395
286393
109995
519520
108693
118929
109343
111619
320761
322235
113827
113113
119419
508830
115475
108075
319427
321277
320719
325941
107443
109411
113935
118987
321051
108149
286477
115377
549306
112241
508807
108031
109985
112619
115319
114827
530453
118187
322129
108443
110675
115525
115711
320184
115891
321043
5677
113457
110017
109371
109129
283561
325847
115955
111891
117449
114785
40047
508772
322343
116235
509589
39721
108661
117865
108357
108101
110503
118387
114651
118041
112097
117127
112717
286363
115291
5813
113787
112203
39753
507991
108363
283565
113659
107739
508229
109239
107799
117095
283525
39495
115781
116427
119915
507488
112435
109759
117143
111491
116635
117805
118405
320369
322553
39645
116151
322603
117859
117985
114767
107889
110283
286341
119795
320741
118895
508737
320839
321939
321943
113753
114105
115815
520897
507915
321157
115825
115767
118455
5911
642292
113121
118075
109515
508228
119481
108793
99593
112629
517465
39251
530670
321385
548482
118483
113637
110361
322095
629456
110581
114931
117919
113529
109215
39581
117647
117131
113109
321645
108699
115787
111621
115707
110769
109787
113689
286035
112269
109295
320333
319411
507876
509327
112357
109809
119027
526343
107533
322463
116421
118205
116723
117971
115681
112393
118737
116813
119503
118393
110683
321727
115563
112635
119697
39693
39685
39155
321501
322483
112053
115941
321587
514511
108353
116705
119525
113981
639620
119259
112389
110031
321137
113945
109835
108779
508812
116711
513923
322105
286401
110021
116643
5821
116129
113933
114407
109671
117493
108503
117069
39999
39369
322119
321313
530407
117519
113983
320521
116035
114593
115629
117109
110721
508854
635852
5933
110643
283479
114941
519512
116791
116041
286231
108021
112085
111867
321831
115677
321363
113839
118821
325831
541376
108815
108161
115939
118089
116671
117501
5695
322453
283717
516398
324183
116239
321259
320351
116193
325905
283819
511227
109511
320445
110461
110123
118373
286453
110621
117415
114477
321961
115581
108777
117661
114955
322517
116715
111765
323933
112337
39035
113763
321209
325849
658689
115047
108395
286361
112109
107991
110949
109395
509583
108601
118525
112621
117393
118469
321265
116929
119029
110525
110929
115229
39735
320493
39039
517472
114479
111495
110481
508814
108213
116517
508794
115127
109807
324065
113443
116537
5761
119695
113555
118541
116381
119039
114073
321063
113615
321177
112087
119405
286181
508278
320787
118323
286005
39603
111877
116439
117721
109873
118303
320471
116275
508233
322511
117227
323925
322485
39043
26598
114049
508853
117561
115111
321823
116553
321809
115907
108497
99618
114343
111809
111717
109133
114557
321213
117955
323971
119439
115329
118891
115723
117425
111965
119861
322435
502089
119733
113531
320465
108873
39979
321545
113445
108185
115897
119499
321505
108413
285935
113747
111539
39767
108937
116101
5685
321625
322341
560783
110291
118189
286359
114037
5955
107501
109229
113421
321295
108131
39597
110009
119303
118577
118749
320877
283567
502989
286133
108813
118593
320461
114391
115499
118565
320387
107723
39063
283707
114853
115233
321891
116177
113769
111661
39095
109903
109927
117103
107703
322501
119793
109137
502298
322011
108065
321743
39203
119123
111435
114511
114963
117923
118093
119487
39729
320879
642688
39129
283671
110967
324045
109617
116589
116245
108771
112037
114729
113849
114969
116811
114643
117595
116473
115107
118249
560937
526596
320657
111475
115187
116133
112255
321139
114145
109487
114949
119019
322419
111425
508855
107911
109181
114459
113393
111251
513711
119135
39171
321401
109925
320873
322169
115353
109219
111443
108553
321599
118871
118261
117031
107435
5719
116285
118343
119069
99598
114845
525087
117261
322585
320635
112611
111899
323969
109881
322035
112379
115695
114733
111305
286291
111769
39337
519856
321279
321555
115845
110189
119759
642012
637852
516302
118581
324649
320481
322569
115119
113409
110249
320983
111887
321951
113601
111129
39463
116609
513704
315949
116921
117245
319421
119291
484672
39029
322155
513352
111559
117179
114341
39657
323917
321237
283823
117149
115191
658906
107719
111117
109653
114059
5777
513263
109583
110215
524048
321765
509086
108127
118281
109107
115899
107481
321989
39731
323855
321155
107631
119011
26582
39473
116677
118921
110813
112339
118773
117313
117345
115829
110751
286421
116873
320337
118885
502308
107977
118059
118957
26597
119151
107753
111351
321673
117989
113397
108847
324063
321571
118633
117945
286443
320985
108837
115823
322379
114455
321329
114007
112527
115795
116331
109901
639146
119523
114489
113611
508745
107931
39351
119831
514516
117259
113649
116043
283549
115967
510103
118473
112689
1005
109857
99577
107797
109305
627986
111379
5621
117483
109161
112333
119057
110127
111141
107525
324645
321223
109223
115117
111529
112365
118789
286201
110517
109513
509974
109109
116903
39661
642459
119817
107689
517581
115615
517569
114383
322241
323873
112327
117063
322073
561768
116363
116601
108397
119475
107827
114471
286471
116303
118031
118181
116731
109973
117385
115051
117467
110367
321537
112421
117401
322021
111363
286085
114191
116717
320545
109919
115265
108467
117041
110973
39583
39257
116027
324137
111137
111525
115449
112001
114707
107699
109769
320837
111715
116727
118327
319377
320567
115121
283577
118295
325799
116839
117941
638904
322059
118287
520662
39803
110803
630704
111897
113985
109707
39407
107845
109033
109429
99586
113641
286147
322019
513437
99617
322401
5763
320543
117457
319443
320349
109849
325793
115463
118879
321245
114665
325925
118339
286439
525136
108575
115915
524078
117537
111737
107479
109149
117475
108169
116515
117839
115387
320835
119359
118461
107549
111187
116225
113901
114613
320176
119949
117129
116627
110639
325761
627978
118901